15 5 6
15 6 4
12 10
12 4
12 28
11 0
15 46 42
15 54 50
15 62 58
15 70 66
15 78 74
15 86 82
15 94 90
12 98
12 42
12 50
5 58 0 19
10 32
4 42 50 21
10 29
15 50 124
6 42 124 128
15 128 120
15 50 132
15 132 42
15 120 136
15 136 50
10 29
12 120
0 58
10 17
13 120
5 58 0 35
10 41
4 42 50 37
10 39
13 120
10 39
13 120
10 53
4 58 0 43
10 46
13 42
13 42
10 53
4 58 0 48
10 51
13 42
13 42
10 53
13 50
13 50
15 58 144
8 50 144 148
15 66 152
9 148 152 156
15 74 160
9 82 160 164
15 90 168
6 164 168 172
7 156 172 176
6 42 176 180
15 180 140
15 58 184
8 50 184 188
15 66 192
9 188 192 196
15 74 200
9 82 200 204
15 90 208
6 204 208 212
7 196 212 216
15 216 42
15 42 140
